51
1
0 2
1 3
2 4
3 5
4 6
5 7
6 8
7 9
8 10
9 11 17
10 15
13 21
12 14 22
13 15 23
14 16 24
15 17 25
16 18 26
17 19 27
18 20 28
19 29
12 22 30
13 21 23 31
14 22 24 32
15 23 25 33
16 24 26 34
17 25 27 35
18 26 28 36
19 27 29 37
20 28 38
21 31 39
22 30 32 40
23 31 33 41
24 32 34 42
25 33 35 43
26 34 36 44
27 35 37 45
28 36 38 46
29 37
30 40 48
31 39 41 48
32 40 42 48
33 41 43 49
34 42 44 49
35 43 45 49
36 44 46 50
37 45 47 50
38 46 50
39 40 41 49
42 43 44 48 50
45 46 47 49
0 0 0 0 0 0 0 0 0 0 0 0 1 1 1 1 1 1 1 1 1 1 1 1 1 1 1 1 1 1 1 1 1 1 1 1 1 1 1 1 1 1 1 1 1 1 1 1 1 1 1
